2.05778 1.79631 1.58049 1.40273 1.25481 1.14010 1.05193 0.97633 0.91155 0.85624 0.80793 0.76812 0.74370 0.72698 0.71770 0.72216 0.73879 0.76613
2.41831 2.11683 1.87079 1.65850 1.50148 1.35517 1.24080 1.14151 1.06202 1.00004 0.94435 0.89766 0.86597 0.84444 0.83198 0.83175 0.84742 0.87427
2.56434 2.24185 1.98854 1.77259 1.59754 1.45689 1.33928 1.23247 1.14800 1.08005 1.01820 0.96321 0.92676 0.90160 0.88534 0.88096 0.89631 0.92294
2.56434 2.24185 1.98854 1.77259 1.59754 1.45689 1.33928 1.23247 1.14800 1.08005 1.01820 0.96321 0.92676 0.90160 0.88534 0.88096 0.89631 0.92294
2.41831 2.11683 1.87079 1.65850 1.50148 1.35517 1.24080 1.14151 1.06202 1.00004 0.94435 0.89766 0.86597 0.84444 0.83198 0.83175 0.84742 0.87427
2.05778 1.79631 1.58049 1.40273 1.25481 1.14010 1.05193 0.97633 0.91155 0.85624 0.80793 0.76812 0.74370 0.72698 0.71770 0.72216 0.73879 0.76613
1.69034 1.45687 1.27575 1.12082 1.00852 0.90609 0.82858 0.76502 0.70790 0.66643 0.62404 0.59160 0.57264 0.56051 0.55702 0.56789 0.58598 0.61279
1.31521 1.13823 0.98744 0.86152 0.76035 0.68072 0.61356 0.55469 0.50846 0.47255 0.44210 0.42078 0.40631 0.39965 0.39872 0.40308 0.41255 0.43396
0.95491 0.81316 0.70705 0.61063 0.53322 0.47328 0.42214 0.37475 0.34358 0.31555 0.28921 0.27173 0.25940 0.24988 0.24285 0.24349 0.25094 0.26259
0.71618 0.60986 0.53029 0.45797 0.39991 0.35496 0.31660 0.28106 0.25769 0.23666 0.21690 0.20380 0.19455 0.18741 0.18213 0.18261 0.18820 0.19694
0.47745 0.40658 0.35352 0.30532 0.26661 0.23664 0.21107 0.18738 0.17179 0.15777 0.14460 0.13586 0.12969 0.12494 0.12142 0.12174 0.12547 0.13130
0.23872 0.20328 0.17677 0.15266 0.13330 0.11831 0.10553 0.09369 0.08590 0.07888 0.07231 0.06793 0.06485 0.06246 0.06071 0.06087 0.06273 0.06565
0.00000 0.00000 0.00000 0.00000 0.00000 0.00000 0.00000 0.00000 0.00000 0.00000 0.00000 0.00000 0.00000 0.00000 0.00000 0.00000 0.00000 0.00000
0.00000 0.00000 0.00000 0.00000 0.00000 0.00000 0.00000 0.00000 0.00000 0.00000 0.00000 0.00000 0.00000 0.00000 0.00000 0.00000 0.00000 0.00000
0.00000 0.00000 0.00000 0.00000 0.00000 0.00000 0.00000 0.00000 0.00000 0.00000 0.00000 0.00000 0.00000 0.00000 0.00000 0.00000 0.00000 0.00000
0.00000 0.00000 0.00000 0.00000 0.00000 0.00000 0.00000 0.00000 0.00000 0.00000 0.00000 0.00000 0.00000 0.00000 0.00000 0.00000 0.00000 0.00000
0.00000 0.00000 0.00000 0.00000 0.00000 0.00000 0.00000 0.00000 0.00000 0.00000 0.00000 0.00000 0.00000 0.00000 0.00000 0.00000 0.00000 0.00000
0.00000 0.00000 0.00000 0.00000 0.00000 0.00000 0.00000 0.00000 0.00000 0.00000 0.00000 0.00000 0.00000 0.00000 0.00000 0.00000 0.00000 0.00000
0.23872 0.20328 0.17677 0.15266 0.13330 0.11831 0.10553 0.09369 0.08590 0.07888 0.07231 0.06793 0.06485 0.06246 0.06071 0.06087 0.06273 0.06565
0.47745 0.40658 0.35352 0.30532 0.26661 0.23664 0.21107 0.18738 0.17179 0.15777 0.14460 0.13586 0.12969 0.12494 0.12142 0.12174 0.12547 0.13130
0.71618 0.60986 0.53029 0.45797 0.39991 0.35496 0.31660 0.28106 0.25769 0.23666 0.21690 0.20380 0.19455 0.18741 0.18213 0.18261 0.18820 0.19694
0.95491 0.81316 0.70705 0.61063 0.53322 0.47328 0.42214 0.37475 0.34358 0.31555 0.28921 0.27173 0.25940 0.24988 0.24285 0.24349 0.25094 0.26259
1.31521 1.13823 0.98744 0.86152 0.76035 0.68072 0.61356 0.55469 0.50846 0.47255 0.44210 0.42078 0.40631 0.39965 0.39872 0.40308 0.41255 0.43396
1.69034 1.45687 1.27575 1.12082 1.00852 0.90609 0.82858 0.76502 0.70790 0.66643 0.62404 0.59160 0.57264 0.56051 0.55702 0.56789 0.58598 0.61279
