0.99440 1.03122 1.09723 1.02547 0.96121 0.91017 0.87497 0.82212 0.77019 0.73748 0.70879 0.68808 0.68262 0.68191 0.68752 0.70146 0.76204 0.85101
0.89613 0.91098 0.91758 0.90343 0.85578 0.79932 0.75649 0.69216 0.63603 0.60703 0.58698 0.57774 0.57797 0.58206 0.59068 0.60466 0.65105 0.71197
0.69008 0.69443 0.68983 0.66641 0.61898 0.56849 0.53036 0.47448 0.43432 0.42296 0.42477 0.43760 0.44745 0.45945 0.47371 0.49046 0.53207 0.58012
0.42779 0.41637 0.40236 0.38825 0.36281 0.32411 0.28627 0.22410 0.19890 0.21988 0.26020 0.30420 0.32520 0.34559 0.36585 0.38651 0.43062 0.47747
0.22300 0.19656 0.17876 0.19450 0.22067 0.21297 0.18497 0.12028 0.09764 0.13540 0.18789 0.23121 0.24985 0.26833 0.28772 0.30855 0.35441 0.40295
0.17206 0.14699 0.12928 0.14902 0.18636 0.20158 0.20153 0.19079 0.18278 0.18245 0.18080 0.18648 0.19695 0.21271 0.23255 0.25508 0.30383 0.35275
0.19963 0.19363 0.18990 0.19201 0.19963 0.20647 0.20962 0.20902 0.19705 0.17970 0.16117 0.16249 0.17434 0.19177 0.21248 0.23469 0.27973 0.32284
0.18197 0.17885 0.17976 0.17862 0.18593 0.19699 0.20450 0.21263 0.21380 0.21039 0.20674 0.20930 0.21477 0.22323 0.23430 0.24732 0.27672 0.30748
0.15045 0.12801 0.10748 0.13060 0.16655 0.18812 0.19962 0.21287 0.22231 0.22740 0.23252 0.23906 0.24339 0.24866 0.25494 0.26218 0.27887 0.29711
0.19663 0.18541 0.17744 0.18137 0.19177 0.19710 0.19870 0.20139 0.20972 0.21939 0.23116 0.24357 0.24967 0.25557 0.26120 0.26646 0.27537 0.28220
0.28286 0.27421 0.26045 0.24058 0.20661 0.16906 0.14407 0.12887 0.15483 0.18505 0.21500 0.23967 0.24937 0.25714 0.26283 0.26624 0.26539 0.25662
0.38815 0.38126 0.36237 0.32378 0.25268 0.17766 0.13082 0.10555 0.14677 0.18849 0.22576 0.25303 0.26224 0.26818 0.27046 0.26846 0.24887 0.21462
0.50413 0.50924 0.50690 0.48418 0.43018 0.37122 0.33123 0.28788 0.27543 0.28039 0.28933 0.29655 0.29779 0.29639 0.29129 0.28115 0.23995 0.18066
0.56266 0.57263 0.57531 0.56956 0.53600 0.49599 0.46594 0.42311 0.39013 0.37495 0.36382 0.35379 0.34776 0.34000 0.32945 0.31482 0.26864 0.21030
0.55398 0.55913 0.56163 0.55516 0.53712 0.51660 0.50069 0.47569 0.45182 0.43730 0.42360 0.40949 0.40154 0.39240 0.38149 0.36815 0.33241 0.29177
0.53940 0.54010 0.53941 0.53597 0.52897 0.52127 0.51508 0.50446 0.49247 0.48369 0.47398 0.46271 0.45614 0.44870 0.44013 0.43021 0.40593 0.37960
0.54655 0.54596 0.54483 0.54330 0.54134 0.53952 0.53805 0.53524 0.53116 0.52732 0.52216 0.51518 0.51082 0.50575 0.49987 0.49312 0.47701 0.45932
0.55535 0.55294 0.55002 0.54794 0.54803 0.55073 0.55386 0.55963 0.56479 0.56675 0.56682 0.56450 0.56233 0.55945 0.55584 0.55152 0.54094 0.52872
0.55256 0.54629 0.54142 0.53145 0.52169 0.53457 0.54942 0.57436 0.59605 0.60622 0.61213 0.61374 0.61306 0.61152 0.60923 0.60633 0.59926 0.59108
0.57353 0.56366 0.55371 0.54162 0.53595 0.56028 0.58652 0.62727 0.65721 0.66809 0.67197 0.67028 0.66798 0.66509 0.66192 0.65879 0.65362 0.64988
0.67249 0.67541 0.68512 0.70619 0.74251 0.77493 0.79208 0.80129 0.78922 0.77309 0.75399 0.73470 0.72586 0.71807 0.71176 0.70737 0.70565 0.71122
0.80258 0.82623 0.87428 0.95319 1.06264 1.12219 1.11958 1.04822 0.94503 0.88140 0.82783 0.78573 0.76944 0.75682 0.74844 0.74506 0.75590 0.78376
0.88834 0.91017 0.94773 1.00676 1.09535 1.14652 1.14273 1.07290 0.96833 0.90083 0.84243 0.79662 0.77977 0.76807 0.76282 0.76575 0.80334 0.87151
0.96491 0.98662 1.00249 0.99519 0.97783 0.96591 0.95443 0.92293 0.87239 0.83259 0.79349 0.76115 0.74999 0.74401 0.74520 0.75615 0.81877 0.92036
